111000111
101011110
111011111
110100011
010111110
101010010
101010100
111000001
101011110
111000000
101000010
101000100
101010110
101011000
111011110
011100010
001011111
101100010
010111110
101000100
101100010
110100001
101011010
100011010
101011100
101111010
010111110
101011010
100011010
101001000
111011111
011100100
001011110
101100100
110100001
101011010
100011010
101001010
101111010
010111110
101011010
100011010
101001100
101111100
111100111
110011110
001110001
101101010
111100111
110011110
001110011
000010010
101101010
111100111
110011110
001110010
000010011
101101000
011101100
001010100
101010000
101111100
011101010
101001110
000010101
101010000
101111100
011111110
011101010
101001110
101101110
111100111
110011110
001110111
000011001
101101000
011101100
001010110
101010000
101111100
011101010
101001110
101111100
011101010
001011001
000010111
101010000
101111100
011111110
011101010
101001110
101111100
011111110
011101010
001011001
111011111
110100001
010111110
110100001
010111110
110100001
010111110
101011010
101101110
011011010
101001110
111011111
110100001
010111110
110100001
010111110
110100001
010111110
101011010
101110000
011011010
010111110
000111000
101010000
101101110
000011001
101101110
010111110
101001110
101101110
011110110
001011011
111000000
101011010
101101110
011110110
110011010
001111010
101101110
101010110
101110000
101011000
000011011
101110000
011111000
001011011
101101110
101010110
101110000
101011000
000011011
101110010
011101110
001011101
111000000
101011010
101110010
011101110
110011010
001111100
101101110
101010010
101110000
101010100
000011101
101110100
011110000
001011101
101101110
101010010
101110000
101010100
000011101
101100100
010111110
101000100
000010000
101100010
010111110
101000010
000001111
111010000
110100010
010111110
010111110
101011010
101110010
100111010
101111010
010111110
101011010
101110100
100111010
101111010
010111110
101011010
101110110
100111010
101111010
010111110
101011010
101111000
100111010
